D[-]			D_dot[1/s]		p[-]			p_dot[1/s]		Mises[MPa]		Hydro[MPa]		teq[-]			eeq[-]			V[mm^3]			Sig_tri[-]
0.0000000000e+00	0.0000000000e+00	9.5395374030e-17	9.5395374030e-14	1.3064781326e+01	-4.2216399891e+00	5.7141077278e-05	5.7141077278e-05	2.1217478441e-04	-3.3145182753e-01
0.0000000000e+00	0.0000000000e+00	9.5250808481e-17	-1.4455289137e-16	2.6133031862e+01	-8.4444742906e+00	1.1428545752e-04	1.1428545752e-04	2.1218014687e-04	-3.3145123501e-01
0.0000000000e+00	0.0000000000e+00	9.3912935586e-17	-8.9189365646e-16	4.5741913609e+01	-1.4780965965e+01	2.0000822065e-04	2.0000822065e-04	2.1218818770e-04	-3.3145035897e-01
0.0000000000e+00	0.0000000000e+00	9.3912884766e-17	0.0000000000e+00	7.5169879085e+01	-2.4290745370e+01	3.2860629839e-04	3.2860629839e-04	2.1220024249e-04	-3.3144905185e-01
0.0000000000e+00	0.0000000000e+00	9.3576793713e-16	2.4943855650e-13	1.1934478885e+02	-3.8566763444e+01	5.2153476218e-04	5.2153476218e-04	2.1221831017e-04	-3.3144709861e-01
0.0000000000e+00	0.0000000000e+00	3.4805315550e-08	6.8751238744e-06	1.8567410886e+02	-6.0004108454e+01	8.1100385384e-04	8.1097371321e-04	2.1224537622e-04	-3.3144498954e-01
0.0000000000e+00	0.0000000000e+00	1.4187391156e-05	3.7274297538e-03	2.3284913504e+02	-7.5254790069e+01	1.0299926365e-03	1.0177170586e-03	2.1226458358e-04	-3.3140808525e-01
0.0000000000e+00	0.0000000000e+00	8.9917219919e-05	2.6593693916e-02	2.5689531438e+02	-8.2981279215e+01	1.2021899634e-03	1.1247218644e-03	2.1227430114e-04	-3.3116138206e-01
0.0000000000e+00	0.0000000000e+00	3.2149403857e-04	5.4214460680e-02	2.7353382356e+02	-8.8002827313e+01	1.4763698725e-03	1.1966189487e-03	2.1228062589e-04	-3.3035466940e-01
0.0000000000e+00	0.0000000000e+00	7.3754622692e-04	6.4934786632e-02	2.8654631820e+02	-9.1321421217e+01	1.9024440219e-03	1.2474661941e-03	2.1228482714e-04	-3.2843752235e-01
0.0000000000e+00	0.0000000000e+00	1.3886992894e-03	6.7751978232e-02	2.9740868506e+02	-9.3631232175e+01	2.5559254431e-03	1.2879486387e-03	2.1228780515e-04	-3.2559107652e-01
0.0000000000e+00	0.0000000000e+00	2.3769081027e-03	6.8548160634e-02	3.0575772112e+02	-9.5184472679e+01	3.5486191357e-03	1.3183687389e-03	2.1228994702e-04	-3.2263608770e-01
0.0000000000e+00	0.0000000000e+00	3.8642643578e-03	6.8781329202e-02	3.1269039451e+02	-9.6432287583e+01	5.0447320144e-03	1.3435503592e-03	2.1229194709e-04	-3.1996609252e-01
0.0000000000e+00	0.0000000000e+00	5.3487475568e-03	6.8648580498e-02	3.1832123357e+02	-9.7593893145e+01	6.5414909490e-03	1.3636738008e-03	2.1229337430e-04	-3.1830323548e-01
0.0000000000e+00	0.0000000000e+00	6.8346147370e-03	6.8712588013e-02	3.2258046248e+02	-9.8491380447e+01	8.0385337244e-03	1.3790435822e-03	2.1229448809e-04	-3.1714418614e-01
0.0000000000e+00	0.0000000000e+00	8.3214529530e-03	6.8757505875e-02	3.2601160190e+02	-9.9224530100e+01	9.5355474014e-03	1.3915675266e-03	2.1229539953e-04	-3.1626794941e-01
0.0000000000e+00	0.0000000000e+00	9.8091361659e-03	6.8796596173e-02	3.2887832605e+02	-9.9840877193e+01	1.1032535881e-02	1.4021544347e-03	2.1229616662e-04	-3.1556113933e-01
0.0000000000e+00	0.0000000000e+00	1.1297601851e-02	6.8832797031e-02	3.3133079684e+02	-1.0036796839e+02	1.2529560629e-02	1.4113142429e-03	2.1229682304e-04	-3.1496130282e-01
0.0000000000e+00	0.0000000000e+00	1.2786823254e-02	6.8867764077e-02	3.3346168440e+02	-1.0082449189e+02	1.4026701981e-02	1.4193531535e-03	2.1229739181e-04	-3.1443692689e-01
0.0000000000e+00	0.0000000000e+00	1.4276798729e-02	6.8902656310e-02	3.3533818004e+02	-1.0122374368e+02	1.5524041562e-02	1.4264865923e-03	2.1229788935e-04	-3.1396705102e-01
0.0000000000e+00	0.0000000000e+00	1.5767529176e-02	6.8937591448e-02	3.3700923525e+02	-1.0157588869e+02	1.7021652844e-02	1.4328739222e-03	2.1229832818e-04	-3.1353811163e-01
0.0000000000e+00	0.0000000000e+00	1.7259010057e-02	6.8972319255e-02	3.3851154706e+02	-1.0188881040e+02	1.8519595109e-02	1.4386378669e-03	2.1229871807e-04	-3.1314064304e-01
0.0000000000e+00	0.0000000000e+00	1.8751229409e-02	6.9006495322e-02	3.3987285214e+02	-1.0216875949e+02	2.0017912265e-02	1.4438726597e-03	2.1229906675e-04	-3.1276841615e-01
0.0000000000e+00	0.0000000000e+00	2.0244169362e-02	6.9039845753e-02	3.4111495671e+02	-1.0242078274e+02	2.1516634679e-02	1.4486535097e-03	2.1229938052e-04	-3.1241708094e-01
0.0000000000e+00	0.0000000000e+00	2.1737806155e-02	6.9072098172e-02	3.4225528017e+02	-1.0264900131e+02	2.3015780409e-02	1.4530415735e-03	2.1229966448e-04	-3.1208359080e-01
0.0000000000e+00	0.0000000000e+00	2.3232109294e-02	6.9102942019e-02	3.4330839077e+02	-1.0285682378e+02	2.4515355402e-02	1.4570894336e-03	2.1229992290e-04	-3.1176552034e-01
0.0000000000e+00	0.0000000000e+00	2.4727046066e-02	6.9132274386e-02	3.4428627580e+02	-1.0304708077e+02	2.6015358387e-02	1.4608411767e-03	2.1230015930e-04	-3.1146107975e-01
0.0000000000e+00	0.0000000000e+00	2.6222588248e-02	6.9160302772e-02	3.4519848581e+02	-1.0322213074e+02	2.7515787868e-02	1.4643320441e-03	2.1230037665e-04	-3.1116930796e-01
0.0000000000e+00	0.0000000000e+00	2.7718710579e-02	6.9187163608e-02	3.4605305882e+02	-1.0338396350e+02	2.9016641096e-02	1.4675908806e-03	2.1230057746e-04	-3.1088949304e-01
0.0000000000e+00	0.0000000000e+00	2.9215386604e-02	6.9212802683e-02	3.4685729671e+02	-1.0353428552e+02	3.0517910627e-02	1.4706433392e-03	2.1230076384e-04	-3.1062044129e-01
0.0000000000e+00	0.0000000000e+00	3.0712589269e-02	6.9237191458e-02	3.4761742493e+02	-1.0367453982e+02	3.2019585891e-02	1.4735117032e-03	2.1230093760e-04	-3.1036096869e-01
0.0000000000e+00	0.0000000000e+00	3.2210294281e-02	6.9260455481e-02	3.4833844058e+02	-1.0380593294e+02	3.3521657478e-02	1.4762146555e-03	2.1230110024e-04	-3.1011018344e-01
0.0000000000e+00	0.0000000000e+00	3.3708484823e-02	6.9282942370e-02	3.4902448192e+02	-1.0392951408e+02	3.5024121241e-02	1.4787676477e-03	2.1230125309e-04	-3.0986748359e-01
0.0000000000e+00	0.0000000000e+00	3.5207147468e-02	6.9304807436e-02	3.4967900297e+02	-1.0404617386e+02	3.6526974986e-02	1.4811842222e-03	2.1230139727e-04	-3.0963230991e-01
0.0000000000e+00	0.0000000000e+00	3.6706271561e-02	6.9326176659e-02	3.5030494424e+02	-1.0415665579e+02	3.8030218317e-02	1.4834772330e-03	2.1230153373e-04	-3.0940397153e-01
0.0000000000e+00	0.0000000000e+00	3.8205847477e-02	6.9347102487e-02	3.5090527181e+02	-1.0426162987e+02	3.9533849855e-02	1.4856581726e-03	2.1230166331e-04	-3.0918191435e-01
0.0000000000e+00	0.0000000000e+00	3.9705865762e-02	6.9367593372e-02	3.5148255171e+02	-1.0436168367e+02	4.1037867179e-02	1.4877366563e-03	2.1230178675e-04	-3.0896579933e-01
0.0000000000e+00	0.0000000000e+00	4.1206320757e-02	6.9387820981e-02	3.5203862963e+02	-1.0445728891e+02	4.2542271101e-02	1.4897198452e-03	2.1230190466e-04	-3.0875522152e-01
0.0000000000e+00	0.0000000000e+00	4.2707206227e-02	6.9407763518e-02	3.5257557249e+02	-1.0454889553e+02	4.4047060851e-02	1.4916152344e-03	2.1230201762e-04	-3.0854966752e-01
0.0000000000e+00	0.0000000000e+00	4.4208514869e-02	6.9427373671e-02	3.5309506533e+02	-1.0463691868e+02	4.5552234831e-02	1.4934301541e-03	2.1230212612e-04	-3.0834901205e-01
0.0000000000e+00	0.0000000000e+00	4.5710244404e-02	6.9446880527e-02	3.5359826850e+02	-1.0472170866e+02	4.7057795826e-02	1.4951704825e-03	2.1230223058e-04	-3.0815344241e-01
0.0000000000e+00	0.0000000000e+00	4.7212394472e-02	6.9466373135e-02	3.5408673181e+02	-1.0480358634e+02	4.8563746717e-02	1.4968423018e-03	2.1230233144e-04	-3.0796276421e-01
0.0000000000e+00	0.0000000000e+00	4.8714969741e-02	6.9486080735e-02	3.5456173098e+02	-1.0488283085e+02	5.0070095489e-02	1.4984515687e-03	2.1230242905e-04	-3.0777686638e-01
0.0000000000e+00	0.0000000000e+00	5.0217976101e-02	6.9506059080e-02	3.5502413104e+02	-1.0495968436e+02	5.1576851765e-02	1.5000032702e-03	2.1230252371e-04	-3.0759586554e-01
0.0000000000e+00	0.0000000000e+00	5.1721414479e-02	6.9526082026e-02	3.5547522612e+02	-1.0503438341e+02	5.3084019146e-02	1.5015022175e-03	2.1230261569e-04	-3.0741924492e-01
0.0000000000e+00	0.0000000000e+00	5.3225283944e-02	6.9546061371e-02	3.5591614958e+02	-1.0510712936e+02	5.4591599408e-02	1.5029527498e-03	2.1230270523e-04	-3.0724632308e-01
0.0000000000e+00	0.0000000000e+00	5.4729585435e-02	6.9566077621e-02	3.5634735011e+02	-1.0517805608e+02	5.6099596872e-02	1.5043580586e-03	2.1230279249e-04	-3.0707681603e-01
0.0000000000e+00	0.0000000000e+00	5.6234322204e-02	6.9586232815e-02	3.5676878793e+02	-1.0524722514e+02	5.7608017579e-02	1.5057188086e-03	2.1230287761e-04	-3.0691063730e-01
0.0000000000e+00	0.0000000000e+00	5.7739497122e-02	6.9606524146e-02	3.5718106729e+02	-1.0531477482e+02	5.9116864911e-02	1.5070359931e-03	2.1230296074e-04	-3.0674789937e-01
0.0000000000e+00	0.0000000000e+00	5.9245112658e-02	6.9626941446e-02	3.5758507186e+02	-1.0538087220e+02	6.0626141907e-02	1.5083122782e-03	2.1230304207e-04	-3.0658842422e-01
0.0000000000e+00	0.0000000000e+00	6.0751170931e-02	6.9647465101e-02	3.5798168592e+02	-1.0544565971e+02	6.2135851170e-02	1.5095504801e-03	2.1230312179e-04	-3.0643187211e-01
0.0000000000e+00	0.0000000000e+00	6.2257677574e-02	6.9668253464e-02	3.5837161962e+02	-1.0550928236e+02	6.3645999012e-02	1.5107529286e-03	2.1230320007e-04	-3.0627826958e-01
0.0000000000e+00	0.0000000000e+00	6.3764647004e-02	6.9689698050e-02	3.5875459379e+02	-1.0557179288e+02	6.5156602103e-02	1.5119194345e-03	2.1230327699e-04	-3.0612782324e-01
0.0000000000e+00	0.0000000000e+00	6.5272096007e-02	6.9711915102e-02	3.5913094061e+02	-1.0563328782e+02	6.6667677647e-02	1.5130502205e-03	2.1230335267e-04	-3.0598097077e-01
0.0000000000e+00	0.0000000000e+00	6.6780036979e-02	6.9734702502e-02	3.5950141977e+02	-1.0569385811e+02	6.8179238579e-02	1.5141472291e-03	2.1230342718e-04	-3.0583771330e-01
0.0000000000e+00	0.0000000000e+00	6.8288474645e-02	6.9757710052e-02	3.5986653418e+02	-1.0575356877e+02	6.9691290679e-02	1.5152136774e-03	2.1230350063e-04	-3.0569788591e-01
0.0000000000e+00	0.0000000000e+00	6.9797416613e-02	6.9781068410e-02	3.6022610561e+02	-1.0581243590e+02	7.1203843377e-02	1.5162516001e-03	2.1230357305e-04	-3.0556149218e-01
0.0000000000e+00	0.0000000000e+00	7.1306879130e-02	6.9805194195e-02	3.6058021648e+02	-1.0587054909e+02	7.2716912492e-02	1.5172626634e-03	2.1230364452e-04	-3.0542855385e-01
0.0000000000e+00	0.0000000000e+00	7.2816878993e-02	6.9830098364e-02	3.6092911057e+02	-1.0592797665e+02	7.4230515959e-02	1.5182480665e-03	2.1230371515e-04	-3.0529869976e-01
0.0000000000e+00	0.0000000000e+00	7.4327429034e-02	6.9855596002e-02	3.6127306879e+02	-1.0598477568e+02	7.5744667585e-02	1.5192079507e-03	2.1230378500e-04	-3.0517181999e-01
0.0000000000e+00	0.0000000000e+00	7.5838532509e-02	6.9881252870e-02	3.6161269118e+02	-1.0604099509e+02	7.7259369711e-02	1.5201444423e-03	2.1230385410e-04	-3.0504811483e-01
3.5316515581e-08	1.6331797639e-06	7.7350191166e-02	6.9907002472e-02	3.6194912300e+02	-1.0609679168e+02	7.8774623472e-02	1.5210614386e-03	2.1230392265e-04	-3.0492786676e-01
9.4955624020e-07	4.2278171707e-05	7.8862416479e-02	6.9933240538e-02	3.6228133039e+02	-1.0615183791e+02	8.0290444366e-02	1.5219592074e-03	2.1230399055e-04	-3.0481083760e-01
2.8489420406e-06	5.8555999215e-05	8.1128150052e-02	6.9849529756e-02	3.6272061255e+02	-1.0622519357e+02	8.2563310376e-02	1.5249175490e-03	2.1230501354e-04	-3.0466239149e-01
7.0854036415e-06	1.3060564639e-04	8.3398656037e-02	6.9999908921e-02	3.6321261920e+02	-1.0630873849e+02	8.4839336563e-02	1.5262529729e-03	2.1230512045e-04	-3.0449995039e-01
1.3063583049e-05	1.8430018903e-04	8.5670718229e-02	7.0048102438e-02	3.6368362503e+02	-1.0638731449e+02	8.7116850182e-02	1.5274920792e-03	2.1230521594e-04	-3.0434225657e-01
2.1478345315e-05	2.5941383725e-04	8.7944273288e-02	7.0094219085e-02	3.6414467308e+02	-1.0646406072e+02	8.9395851381e-02	1.5286886281e-03	2.1230530979e-04	-3.0418874401e-01
3.7323603856e-05	4.8847117698e-04	9.0219408208e-02	7.0142946299e-02	3.6459156854e+02	-1.0653718243e+02	9.1676429144e-02	1.5298431541e-03	2.1230540201e-04	-3.0403911443e-01
7.1340387136e-05	1.0486325215e-03	9.2496340964e-02	7.0198255213e-02	3.6501125734e+02	-1.0660281099e+02	9.3958808855e-02	1.5309419035e-03	2.1230549168e-04	-3.0389692605e-01
1.3627015401e-04	2.0015186124e-03	9.4775370747e-02	7.0262600551e-02	3.6538494308e+02	-1.0665537974e+02	9.6243281415e-02	1.5319547206e-03	2.1230557648e-04	-3.0376432164e-01
2.4066393750e-04	3.2178698012e-03	9.7056854191e-02	7.0337652406e-02	3.6569460813e+02	-1.0668915434e+02	9.8530184262e-02	1.5328388008e-03	2.1230565478e-04	-3.0364098357e-01
3.0172875382e-04	3.7657578669e-03	9.8203333812e-02	7.0704208422e-02	3.6591121148e+02	-1.0671511445e+02	9.9676894198e-02	1.5310880331e-03	2.1230443688e-04	-3.0355432440e-01
3.7331842184e-04	4.4129543686e-03	9.9346064534e-02	7.0460799799e-02	3.6600009196e+02	-1.0671105176e+02	1.0082207253e-01	1.5313067595e-03	2.1230444957e-04	-3.0349388277e-01
4.3325438196e-04	4.9263038787e-03	1.0020412125e-01	7.0545736417e-02	3.6609277364e+02	-1.0671403837e+02	1.0168170511e-01	1.5312404650e-03	2.1230428494e-04	-3.0344500142e-01
5.3789326430e-04	5.7317879219e-03	1.0148993027e-01	7.0468964854e-02	3.6615468039e+02	-1.0669996004e+02	1.0297093971e-01	1.5319873907e-03	2.1230460779e-04	-3.0339156381e-01
6.6245394216e-04	6.8228526097e-03	1.0277793040e-01	7.0590751045e-02	3.6621543113e+02	-1.0668110398e+02	1.0426179069e-01	1.5322309654e-03	2.1230463889e-04	-3.0333353487e-01
7.3034510747e-04	7.4402119072e-03	1.0342389536e-01	7.0815282202e-02	3.6627270826e+02	-1.0667466567e+02	1.0490835896e-01	1.5317011717e-03	2.1230424304e-04	-3.0329373249e-01
8.0271612555e-04	7.9260023312e-03	1.0406883441e-01	7.0692907387e-02	3.6626259604e+02	-1.0665109914e+02	1.0555456521e-01	1.5317231383e-03	2.1230424793e-04	-3.0326775125e-01
9.2365278471e-04	8.8247391966e-03	1.0503613006e-01	7.0678657390e-02	3.6621239103e+02	-1.0660921549e+02	1.0652420928e-01	1.5320436231e-03	2.1230444941e-04	-3.0326041533e-01
1.0600726877e-03	9.9466624576e-03	1.0600495891e-01	7.0788182970e-02	3.6613731340e+02	-1.0655639638e+02	1.0749506024e-01	1.5321076420e-03	2.1230450960e-04	-3.0328920994e-01
1.1329142365e-03	1.0620263069e-02	1.0649061783e-01	7.0975960004e-02	3.6611475157e+02	-1.0653043084e+02	1.0798125343e-01	1.5318053778e-03	2.1230430703e-04	-3.0330570854e-01
1.2093084214e-03	1.1119754712e-02	1.0697587052e-01	7.0901622649e-02	3.6603260962e+02	-1.0648783905e+02	1.0846742128e-01	1.5318099325e-03	2.1230435665e-04	-3.0333913864e-01
1.2681095786e-03	1.1409128206e-02	1.0734007370e-01	7.0952715321e-02	3.6597895625e+02	-1.0645749347e+02	1.0883227849e-01	1.5318083913e-03	2.1230436463e-04	-3.0336919395e-01
1.3614513770e-03	1.2044175610e-02	1.0788654836e-01	7.0957023536e-02	3.6582298354e+02	-1.0639019840e+02	1.0937991837e-01	1.5319375393e-03	2.1230452884e-04	-3.0345731174e-01
1.4120133016e-03	1.3033087604e-02	1.0816056177e-01	7.1154533299e-02	3.6572005843e+02	-1.0634533041e+02	1.0965423014e-01	1.5318295478e-03	2.1230451340e-04	-3.0347959571e-01
1.4660533285e-03	1.3883734658e-02	1.0843495395e-01	7.1225341640e-02	3.6552050787e+02	-1.0626852800e+02	1.0992886227e-01	1.5316813201e-03	2.1230459107e-04	-3.0342292598e-01
1.5202922002e-03	1.3929669119e-02	1.0870921172e-01	7.1188252274e-02	3.6534384766e+02	-1.0620086770e+02	1.1020350702e-01	1.5316447650e-03	2.1230468016e-04	-3.0330766895e-01
1.5753553947e-03	1.4137338693e-02	1.0898348846e-01	7.1190204689e-02	3.6517066780e+02	-1.0613350748e+02	1.1047821165e-01	1.5316643517e-03	2.1230477403e-04	-3.0284552480e-01
1.6572256247e-03	1.4063146572e-02	1.0939399089e-01	7.1053842344e-02	3.6503016977e+02	-1.0607778806e+02	1.1088975991e-01	1.5320416731e-03	2.1230491949e-04	-3.0289400241e-01
1.7191269763e-03	1.4188173185e-02	1.0970213155e-01	7.1120887149e-02	3.6493965462e+02	-1.0603787284e+02	1.1119857825e-01	1.5323291475e-03	2.1230497014e-04	-3.0294470247e-01
1.8103385000e-03	1.3902218514e-02	1.1016399050e-01	7.1049193650e-02	3.6480017583e+02	-1.0597889606e+02	1.1166175493e-01	1.5329006057e-03	2.1230518819e-04	-3.0270945144e-01
1.8819562289e-03	1.4545256480e-02	1.1051079540e-01	7.1129081734e-02	3.6469249522e+02	-1.0593112807e+02	1.1200943754e-01	1.5332833597e-03	2.1230530337e-04	-3.0277415585e-01
1.9965325438e-03	1.5469905014e-02	1.1103107298e-01	7.1111637344e-02	3.6442749632e+02	-1.0582848335e+02	1.1253123630e-01	1.5339525462e-03	2.1230565659e-04	-3.0292080290e-01
2.0265036535e-03	1.6155737033e-02	1.1116159345e-01	7.1355492399e-02	3.6437283428e+02	-1.0580366543e+02	1.1266196715e-01	1.5340561906e-03	2.1230565830e-04	-3.0295531805e-01
2.0577000535e-03	1.6703934846e-02	1.1129213128e-01	7.1301696481e-02	3.6424373569e+02	-1.0575475585e+02	1.1279277337e-01	1.5341562964e-03	2.1230578098e-04	-3.0299897653e-01
2.0823254056e-03	1.7505338377e-02	1.1139027070e-01	7.1433219994e-02	3.6411484042e+02	-1.0570600742e+02	1.1289104362e-01	1.5341961676e-03	2.1230588942e-04	-3.0304434095e-01
2.1209120936e-03	1.8182017956e-02	1.1153776966e-01	7.1518864096e-02	3.6385836211e+02	-1.0560994185e+02	1.1303870805e-01	1.5341992483e-03	2.1230609854e-04	-3.0306911774e-01
2.1499942226e-03	1.8202860872e-02	1.1164843681e-01	7.1517722734e-02	3.6366372963e+02	-1.0553529248e+02	1.1314953244e-01	1.5342557271e-03	2.1230627031e-04	-3.0288531199e-01
2.1913496130e-03	1.7220646155e-02	1.1181382042e-01	7.1247356207e-02	3.6343088060e+02	-1.0545184287e+02	1.1331549357e-01	1.5345604300e-03	2.1230657243e-04	-3.0260675308e-01
2.2355818926e-03	1.8341477421e-02	1.1198016808e-01	7.1619315212e-02	3.6309445113e+02	-1.0532663556e+02	1.1348197528e-01	1.5346577174e-03	2.1230688126e-04	-3.0253759437e-01
2.2764882295e-03	1.6950064918e-02	1.1214595996e-01	7.1393405199e-02	3.6284156042e+02	-1.0523256082e+02	1.1364830292e-01	1.5350232394e-03	2.1230719734e-04	-3.0213322701e-01
2.3118219302e-03	1.4677788035e-02	1.1231046789e-01	7.0896003688e-02	3.6275488483e+02	-1.0520535642e+02	1.1381402557e-01	1.5357253893e-03	2.1230750666e-04	-3.0211117624e-01
2.3648438450e-03	1.4692699078e-02	1.1255713348e-01	7.0869506371e-02	3.6265097953e+02	-1.0516867182e+02	1.1406253733e-01	1.5368294475e-03	2.1230798080e-04	-3.0183265591e-01
2.4462879455e-03	1.5059439137e-02	1.1292734528e-01	7.0902578887e-02	3.6249291448e+02	-1.0510585684e+02	1.1443551446e-01	1.5384896347e-03	2.1230870378e-04	-3.0181685374e-01
2.5670351882e-03	1.4882472455e-02	1.1348292572e-01	7.0927231481e-02	3.6227270805e+02	-1.0501080505e+02	1.1499548318e-01	1.5410861465e-03	2.1230982103e-04	-3.0186464070e-01
2.6555910959e-03	1.4543460292e-02	1.1390044029e-01	7.1063963381e-02	3.6214444789e+02	-1.0494465390e+02	1.1541615506e-01	1.5430639089e-03	2.1231056662e-04	-3.0191078485e-01
2.7911116404e-03	1.4797083157e-02	1.1452689935e-01	7.1045185619e-02	3.6189070835e+02	-1.0482352333e+02	1.1604815758e-01	1.5463882516e-03	2.1231195975e-04	-3.0201497275e-01
2.8951504556e-03	1.5138039733e-02	1.1499789655e-01	7.1210349259e-02	3.6173302095e+02	-1.0473778927e+02	1.1652321014e-01	1.5489246764e-03	2.1231289726e-04	-3.0213464086e-01
2.9742338414e-03	1.5271666796e-02	1.1535153023e-01	7.1249716156e-02	3.6160096023e+02	-1.0466677313e+02	1.1688015473e-01	1.5510103693e-03	2.1231368154e-04	-3.0227293315e-01
3.0358744185e-03	1.5824936950e-02	1.1561713019e-01	7.1301176754e-02	3.6147258574e+02	-1.0460167682e+02	1.1714842567e-01	1.5527066424e-03	2.1231434354e-04	-3.0242367956e-01
3.0592604454e-03	1.5973520843e-02	1.1571689457e-01	7.1391596076e-02	3.6142576871e+02	-1.0457624371e+02	1.1724917639e-01	1.5533768908e-03	2.1231459168e-04	-3.0248354397e-01
3.0771147848e-03	1.6180877687e-02	1.1579180399e-01	7.1420204306e-02	3.6137226605e+02	-1.0455056685e+02	1.1732483368e-01	1.5538940859e-03	2.1231481115e-04	-3.0253659615e-01
3.0909234012e-03	1.6615573071e-02	1.1584812940e-01	7.1542093891e-02	3.6131913531e+02	-1.0452633424e+02	1.1738167853e-01	1.5542962529e-03	2.1231499376e-04	-3.0259335837e-01
3.1016069318e-03	1.7093975075e-02	1.1589049470e-01	7.1683995523e-02	3.6126759001e+02	-1.0450344000e+02	1.1742439950e-01	1.5546051392e-03	2.1231514403e-04	-3.0264699917e-01
3.1169568735e-03	1.6502693258e-02	1.1595377950e-01	7.1442108356e-02	3.6120797656e+02	-1.0447822898e+02	1.1748839602e-01	1.5550693530e-03	2.1231535341e-04	-3.0089282974e-01
3.1392737583e-03	1.6142715793e-02	1.1604831089e-01	7.1228278823e-02	3.6116102991e+02	-1.0445797765e+02	1.1758418819e-01	1.5557707531e-03	2.1231562896e-04	-3.0089346852e-01
3.1561724636e-03	1.6341524422e-02	1.1611926133e-01	7.1297749130e-02	3.6113330170e+02	-1.0444458474e+02	1.1765603171e-01	1.5563007238e-03	2.1231582590e-04	-3.0089174680e-01
3.1818109812e-03	1.6560738247e-02	1.1622574875e-01	7.1344397638e-02	3.6108754086e+02	-1.0442234614e+02	1.1776382729e-01	1.5570756467e-03	2.1231611812e-04	-3.0088598906e-01
3.2209552902e-03	1.6878277021e-02	1.1638559389e-01	7.1396584754e-02	3.6101357635e+02	-1.0438602114e+02	1.1792561710e-01	1.5582270547e-03	2.1231655105e-04	-3.0087554475e-01
3.2820199624e-03	1.7570751409e-02	1.1662561032e-01	7.1463031233e-02	3.6088974321e+02	-1.0432532086e+02	1.1816857716e-01	1.5599727594e-03	2.1231720490e-04	-3.0087659024e-01
3.3775337541e-03	1.8317476969e-02	1.1698622355e-01	7.1552818709e-02	3.6067284714e+02	-1.0422084716e+02	1.1853380232e-01	1.5627149867e-03	2.1231823495e-04	-3.0094585615e-01
3.4495420951e-03	1.8399870728e-02	1.1725721321e-01	7.1675524489e-02	3.6052389478e+02	-1.0414374846e+02	1.1880827144e-01	1.5648469220e-03	2.1231899419e-04	-3.0106307468e-01
3.5576596496e-03	1.8402861625e-02	1.1766403362e-01	7.1705642384e-02	3.6027525758e+02	-1.0401986728e+02	1.1922078459e-01	1.5682337245e-03	2.1232025470e-04	-3.0116551581e-01
3.6662770345e-03	1.8416372098e-02	1.1807187401e-01	7.1839369477e-02	3.6002549691e+02	-1.0389142023e+02	1.1963468618e-01	1.5719313494e-03	2.1232158501e-04	-3.0136297276e-01
3.7759128712e-03	1.8531723179e-02	1.1848067706e-01	7.1973830265e-02	3.5976117772e+02	-1.0375439218e+02	1.2004989267e-01	1.5758953858e-03	2.1232298421e-04	-3.0168171703e-01
3.8312368290e-03	1.8614936579e-02	1.1868564999e-01	7.2156955934e-02	3.5963918627e+02	-1.0368486741e+02	1.2025800261e-01	1.5779634827e-03	2.1232365653e-04	-3.0196645715e-01
3.8866832104e-03	1.8626338529e-02	1.1889057624e-01	7.2141455360e-02	3.5950398682e+02	-1.0361306504e+02	1.2046622752e-01	1.5800853216e-03	2.1232436297e-04	-3.0052586623e-01
3.9705303204e-03	1.8752571656e-02	1.1919817292e-01	7.2217621916e-02	3.5929455840e+02	-1.0350610724e+02	1.2077877471e-01	1.5833297821e-03	2.1232539014e-04	-3.0068143576e-01
4.0126118880e-03	1.8810598410e-02	1.1935232700e-01	7.2396975915e-02	3.5920354492e+02	-1.0345483275e+02	1.2093527985e-01	1.5849959392e-03	2.1232585837e-04	-3.0066858787e-01
4.0555506729e-03	1.9122075117e-02	1.1950675436e-01	7.2479561825e-02	3.5907773687e+02	-1.0339006881e+02	1.2109211452e-01	1.5866792467e-03	2.1232638257e-04	-3.0074846364e-01
4.0878936424e-03	1.9144514161e-02	1.1962279064e-01	7.2582771930e-02	3.5897595701e+02	-1.0333764201e+02	1.2120997239e-01	1.5879802913e-03	2.1232679018e-04	-3.0086460121e-01
4.1354666344e-03	1.8642728616e-02	1.1979704352e-01	7.2611186707e-02	3.5880465208e+02	-1.0325286164e+02	1.2138712226e-01	1.5900271269e-03	2.1232746225e-04	-2.9976556608e-01
4.2056272828e-03	1.8406750419e-02	1.2005787563e-01	7.2494561419e-02	3.5861608432e+02	-1.0315660119e+02	1.2165276431e-01	1.5932414297e-03	2.1232843207e-04	-2.9968365398e-01
4.3128617509e-03	1.8788691271e-02	1.2044963166e-01	7.2577974922e-02	3.5834541148e+02	-1.0301422771e+02	1.2205204635e-01	1.5980798352e-03	2.1232989747e-04	-2.9966386869e-01
4.4210669844e-03	1.8972489440e-02	1.2084225511e-01	7.2724379023e-02	3.5810486511e+02	-1.0287810565e+02	1.2245238103e-01	1.6029683118e-03	2.1233133557e-04	-2.9983475222e-01
4.5247491562e-03	1.8088364039e-02	1.2123562744e-01	7.2827326090e-02	3.5789339436e+02	-1.0274853980e+02	1.2285387161e-01	1.6081538002e-03	2.1233283497e-04	-2.9941860599e-01
4.5752883496e-03	1.7823853322e-02	1.2143282875e-01	7.3072594258e-02	3.5781622688e+02	-1.0269189866e+02	1.2305488565e-01	1.6107674828e-03	2.1233347259e-04	-2.9944445597e-01
4.6514403061e-03	1.7966110567e-02	1.2172896589e-01	7.3208971042e-02	3.5765352037e+02	-1.0259390995e+02	1.2335680195e-01	1.6146109873e-03	2.1233440122e-04	-2.9961141474e-01
4.6801521770e-03	1.8121228493e-02	1.2184034239e-01	7.3457714881e-02	3.5761077113e+02	-1.0256118570e+02	1.2347020048e-01	1.6160802729e-03	2.1233469613e-04	-2.9969269565e-01
4.7241016517e-03	1.8485209553e-02	1.2200758566e-01	7.3528870817e-02	3.5750575376e+02	-1.0249758963e+02	1.2364056782e-01	1.6182576558e-03	2.1233517640e-04	-2.9984042859e-01
4.7898906165e-03	1.8560680297e-02	1.2225906052e-01	7.3776203853e-02	3.5733170706e+02	-1.0239613336e+02	1.2389652455e-01	1.6215128819e-03	2.1233579350e-04	-3.0008722277e-01
4.8375340551e-03	1.7942444303e-02	1.2244805769e-01	7.3965494606e-02	3.5722024258e+02	-1.0232544839e+02	1.2408877372e-01	1.6239979220e-03	2.1233620448e-04	-3.0065219874e-01
4.9100238625e-03	1.8186126166e-02	1.2273228039e-01	7.4144184935e-02	3.5701264091e+02	-1.0220321729e+02	1.2437797790e-01	1.6278812046e-03	2.1233686023e-04	-3.0087555732e-01
4.9639886920e-03	1.8085565930e-02	1.2294620303e-01	7.4433817856e-02	3.5686001302e+02	-1.0210924191e+02	1.2459545704e-01	1.6310785132e-03	2.1233729306e-04	-3.0111539183e-01
5.0029604060e-03	1.7462751133e-02	1.2310705240e-01	7.4665342167e-02	3.5673801449e+02	-1.0203464039e+02	1.2475885890e-01	1.6335844142e-03	2.1233757765e-04	-3.0132831451e-01
5.0322356591e-03	1.7438013697e-02	1.2322782565e-01	7.4713040297e-02	3.5664901055e+02	-1.0197800113e+02	1.2488163381e-01	1.6355676316e-03	2.1233781537e-04	-3.0154100649e-01
5.0760370558e-03	1.7258892032e-02	1.2340903281e-01	7.4646622949e-02	3.5651730669e+02	-1.0189297304e+02	1.2506621633e-01	1.6387466541e-03	2.1233826705e-04	-3.0188642038e-01
5.1087906459e-03	1.7173375287e-02	1.2354514489e-01	7.4740301855e-02	3.5643004111e+02	-1.0183123315e+02	1.2520492208e-01	1.6412482977e-03	2.1233861093e-04	-3.0202756844e-01
5.1589791036e-03	1.7470904036e-02	1.2374973278e-01	7.4834915766e-02	3.5627751587e+02	-1.0172801681e+02	1.2541361337e-01	1.6451316450e-03	2.1233919616e-04	-3.0187917788e-01
5.2327836001e-03	1.7242033649e-02	1.2405630185e-01	7.4832612064e-02	3.5610174956e+02	-1.0160567605e+02	1.2572655469e-01	1.6511618531e-03	2.1233998907e-04	-2.9774131504e-01
5.2875000528e-03	1.7246761421e-02	1.2428648726e-01	7.5051116678e-02	3.5600937059e+02	-1.0153422656e+02	1.2596116087e-01	1.6557646945e-03	2.1234041793e-04	-2.9776262090e-01
5.3691240567e-03	1.7190851743e-02	1.2463279708e-01	7.5305773359e-02	3.5581701798e+02	-1.0140555958e+02	1.2631409449e-01	1.6629208172e-03	2.1234105053e-04	-2.9809270982e-01
5.4484592428e-03	1.6767289684e-02	1.2498057908e-01	7.5681581073e-02	3.5562521825e+02	-1.0127122363e+02	1.2666824527e-01	1.6706565314e-03	2.1234156771e-04	-2.9845987266e-01
5.5269743774e-03	1.6670606660e-02	1.2533010664e-01	7.6121211785e-02	3.5541245215e+02	-1.0112039819e+02	1.2702382704e-01	1.6787053542e-03	2.1234198574e-04	-2.9884009725e-01
5.6066664025e-03	1.6871193970e-02	1.2568002932e-01	7.6179687792e-02	3.5526181674e+02	-1.0099195612e+02	1.2738036553e-01	1.6868678394e-03	2.1234249105e-04	-2.9464363453e-01
5.6462470613e-03	1.6837886863e-02	1.2585518524e-01	7.6334950162e-02	3.5523316959e+02	-1.0094702892e+02	1.2755870013e-01	1.6909299306e-03	2.1234267943e-04	-2.9466260023e-01
5.6862214626e-03	1.6964403109e-02	1.2603051562e-01	7.6385532135e-02	3.5517939081e+02	-1.0089321737e+02	1.2773739620e-01	1.6949837689e-03	2.1234292323e-04	-2.9472914996e-01
5.7449952856e-03	1.6565451335e-02	1.2629402873e-01	7.6510970471e-02	3.5508368842e+02	-1.0080785804e+02	1.2800618298e-01	1.7011422854e-03	2.1234334627e-04	-2.9489137334e-01
5.7675458510e-03	1.6954070171e-02	1.2639326491e-01	7.6846345996e-02	3.5506121530e+02	-1.0077764473e+02	1.2810723478e-01	1.7035069264e-03	2.1234347809e-04	-2.9492974482e-01
5.8012667087e-03	1.6810650653e-02	1.2654229782e-01	7.6882025984e-02	3.5499164659e+02	-1.0071965802e+02	1.2825917495e-01	1.7070519277e-03	2.1234374638e-04	-2.9491001404e-01
5.8270416248e-03	1.7098017147e-02	1.2665434197e-01	7.7044645036e-02	3.5493923311e+02	-1.0067428099e+02	1.2837339942e-01	1.7097415215e-03	2.1234395363e-04	-2.9481888191e-01
5.8464474675e-03	1.7097271807e-02	1.2673850156e-01	7.7120648064e-02	3.5489702260e+02	-1.0063802429e+02	1.2845924640e-01	1.7117716291e-03	2.1234412555e-04	-2.9466305808e-01
5.8757570374e-03	1.7124746799e-02	1.2686492346e-01	7.7172279596e-02	3.5482199097e+02	-1.0057859308e+02	1.2858833615e-01	1.7148406660e-03	2.1234442297e-04	-2.9433479882e-01
5.8975599166e-03	1.7009552400e-02	1.2695988437e-01	7.7252844274e-02	3.5476891454e+02	-1.0053394126e+02	1.2868535491e-01	1.7171795188e-03	2.1234465968e-04	-2.9407920598e-01
5.9297102118e-03	1.6733562995e-02	1.2710232251e-01	7.7224282004e-02	3.5468797918e+02	-1.0046916841e+02	1.2883107772e-01	1.7206985618e-03	2.1234504425e-04	-2.9377034195e-01
5.9764564198e-03	1.6193531406e-02	1.2731567398e-01	7.7151613178e-02	3.5460064623e+02	-1.0039275739e+02	1.2904965157e-01	1.7259932822e-03	2.1234560470e-04	-2.9363712829e-01
6.0438656632e-03	1.5515997605e-02	1.2763614575e-01	7.7279784634e-02	3.5448862359e+02	-1.0028870007e+02	1.2937822100e-01	1.7340907636e-03	2.1234644784e-04	-2.9348365167e-01
6.0946483379e-03	1.5578128131e-02	1.2787744040e-01	7.7608436425e-02	3.5442064920e+02	-1.0021424562e+02	1.2962542650e-01	1.7402722767e-03	2.1234704382e-04	-2.9337357610e-01
6.1333464760e-03	1.5692214461e-02	1.2805895504e-01	7.7748527843e-02	3.5435967572e+02	-1.0015112036e+02	1.2981159111e-01	1.7449797972e-03	2.1234757092e-04	-2.9523777772e-01
6.1902243883e-03	1.5204939609e-02	1.2833134095e-01	7.7660475783e-02	3.5428054162e+02	-1.0006233572e+02	1.3009179342e-01	1.7520720720e-03	2.1234851879e-04	-2.9536360085e-01
6.2337523746e-03	1.5454808525e-02	1.2853638612e-01	7.7908360421e-02	3.5423166494e+02	-9.9996169829e+01	1.3030273244e-01	1.7574610704e-03	2.1234924447e-04	-2.9369913418e-01
6.2672296428e-03	1.5863020465e-02	1.2869044265e-01	7.8050034132e-02	3.5419015715e+02	-9.9945883467e+01	1.3046126685e-01	1.7615239314e-03	2.1234979696e-04	-2.9376164524e-01
6.3205964004e-03	1.6801348822e-02	1.2892234087e-01	7.8231329392e-02	3.5407742791e+02	-9.9849654468e+01	1.3070022717e-01	1.7676219034e-03	2.1235072703e-04	-2.9393867466e-01
6.3620935725e-03	1.7375005528e-02	1.2909715086e-01	7.8566280610e-02	3.5398597338e+02	-9.9769337030e+01	1.3088032689e-01	1.7722689328e-03	2.1235144790e-04	-2.9391689035e-01
6.4267892755e-03	1.7996591017e-02	1.2936063032e-01	7.8817331715e-02	3.5378731492e+02	-9.9619187280e+01	1.3115230972e-01	1.7793332616e-03	2.1235266897e-04	-2.9317975785e-01
6.4392680101e-03	1.8854841647e-02	1.2941030268e-01	7.9386707328e-02	3.5377090486e+02	-9.9597887641e+01	1.3120334181e-01	1.7806757322e-03	2.1235284529e-04	-2.9314133945e-01
6.4583361739e-03	1.9178494319e-02	1.2948493548e-01	7.9355173791e-02	3.5370676081e+02	-9.9550764679e+01	1.3128011700e-01	1.7825838701e-03	2.1235316813e-04	-2.9315440318e-01
6.4677777278e-03	1.9058879960e-02	1.2952227460e-01	7.9373576194e-02	3.5367673814e+02	-9.9527860158e+01	1.3131854530e-01	1.7835618871e-03	2.1235332572e-04	-2.9317014151e-01
6.4724432414e-03	1.9082613853e-02	1.2954098503e-01	7.9317266605e-02	3.5366186971e+02	-9.9516411249e+01	1.3133777717e-01	1.7840356327e-03	2.1235340431e-04	-2.9331744987e-01
6.4748167586e-03	1.9514233477e-02	1.2955038026e-01	7.9270844040e-02	3.5365451333e+02	-9.9510631054e+01	1.3134740937e-01	1.7842613427e-03	2.1235344305e-04	-2.9329146731e-01
6.4751191806e-03	2.0086208986e-02	1.2955156156e-01	7.9473773026e-02	3.5365366481e+02	-9.9509918469e+01	1.3134861511e-01	1.7842898962e-03	2.1235344773e-04	-2.9323983494e-01
6.4752702539e-03	2.0815696242e-02	1.2955215080e-01	7.9112641619e-02	3.5365325097e+02	-9.9509566078e+01	1.3134921729e-01	1.7843035096e-03	2.1235344990e-04	-2.9321165208e-01
6.4754178787e-03	2.3304200061e-02	1.2955273916e-01	7.8547857209e-02	3.5365293830e+02	-9.9509262153e+01	1.3134981615e-01	1.7843159315e-03	2.1235345130e-04	-2.9318398996e-01
6.4754900089e-03	2.6512371552e-02	1.2955303345e-01	7.7960394557e-02	3.5365284651e+02	-9.9509138671e+01	1.3135011364e-01	1.7843215079e-03	2.1235345151e-04	-2.9316729261e-01
6.4755256519e-03	2.9468321864e-02	1.2955318033e-01	7.7183195568e-02	3.5365282852e+02	-9.9509088295e+01	1.3135026162e-01	1.7843239754e-03	2.1235345141e-04	-2.9315614964e-01
6.4755606498e-03	3.5950057413e-02	1.2955332488e-01	7.4444019709e-02	3.5365286641e+02	-9.9509061015e+01	1.3135040806e-01	1.7843255381e-03	2.1235345087e-04	-2.9313872273e-01
6.4755781109e-03	4.1718654577e-02	1.2955339613e-01	7.1947820632e-02	3.5365290990e+02	-9.9509056280e+01	1.3135048071e-01	1.7843259453e-03	2.1235345042e-04	-2.9312571800e-01
6.4755951820e-03	5.5250535314e-02	1.2955346463e-01	6.5794275226e-02	3.5365301008e+02	-9.9509073588e+01	1.3135055195e-01	1.7843254963e-03	2.1235344952e-04	-2.9310430323e-01
6.4756037475e-03	6.8196028912e-02	1.2955349782e-01	6.0298831641e-02	3.5365308814e+02	-9.9509091691e+01	1.3135058699e-01	1.7843249442e-03	2.1235344886e-04	-2.9308803205e-01
6.4756119619e-03	1.0108827410e-01	1.2955352550e-01	4.0440541499e-02	3.5365323351e+02	-9.9509135334e+01	1.3135062052e-01	1.7843234378e-03	2.1235344768e-04	-2.9306039337e-01
6.4756161152e-03	1.3735617267e-01	1.2955353640e-01	1.8608428383e-02	3.5365334565e+02	-9.9509170167e+01	1.3135063653e-01	1.7843222661e-03	2.1235344680e-04	-2.9303835676e-01
6.4756172315e-03	1.4889101500e-01	1.2955353907e-01	1.4344013128e-02	3.5365337730e+02	-9.9509179597e+01	1.3135064050e-01	1.7843219655e-03	2.1235344655e-04	-2.9303171100e-01
6.4756183263e-03	1.6510668940e-01	1.2955354130e-01	2.7130161434e-03	3.5365341213e+02	-9.9509190523e+01	1.3135064440e-01	1.7843215856e-03	2.1235344628e-04	-2.9302452814e-01
6.4756198516e-03	2.0032449448e-01	1.2955354345e-01	-1.9336039967e-02	3.5365347819e+02	-9.9509212193e+01	1.3135064999e-01	1.7843208588e-03	2.1235344577e-04	-2.9301150026e-01
6.4756217320e-03	3.4792117040e-01	1.2955354027e-01	-1.0493736123e-01	3.5365366678e+02	-9.9509276883e+01	1.3135065668e-01	1.7843188726e-03	2.1235344435e-04	-2.9297549760e-01
6.4755932553e-03	8.2621078387e-01	1.2955352263e-01	-2.8533801879e-01	3.5365401713e+02	-9.9509394877e+01	1.3135065910e-01	1.7843135478e-03	2.1235344154e-04	-2.9342423019e-01
6.4755903350e-03	8.3455904455e-01	1.2955351119e-01	-3.6703980554e-01	3.5365423678e+02	-9.9509463444e+01	1.3135065926e-01	1.7843096870e-03	2.1235343974e-04	-2.9339589356e-01
6.4742782956e-03	9.9324750924e-01	1.2955328117e-01	-4.1648962586e-02	3.5365939948e+02	-9.9506825524e+01	1.3135272778e-01	1.7906061780e-03	2.1235339782e-04	-2.9231179894e-01
6.4742373292e-03	6.7285339078e-01	1.2955328974e-01	1.3621006973e-02	3.5365928302e+02	-9.9506761386e+01	1.3135274340e-01	1.7906277446e-03	2.1235339805e-04	-2.9231258494e-01
6.4741977211e-03	4.5819085111e-01	1.2955330448e-01	4.7895157858e-02	3.5365915262e+02	-9.9506689666e+01	1.3135276367e-01	1.7906495808e-03	2.1235339830e-04	-2.9231330055e-01
6.4741600922e-03	3.1423348024e-01	1.2955332784e-01	6.8371842565e-02	3.5365900311e+02	-9.9506607431e+01	1.3135279076e-01	1.7906717117e-03	2.1235339858e-04	-2.9231394474e-01
6.4741253491e-03	2.1760928687e-01	1.2955336334e-01	7.9895736623e-02	3.5365882716e+02	-9.9506510512e+01	1.3135282791e-01	1.7906941790e-03	2.1235339889e-04	-2.9231451561e-01
6.4740948149e-03	1.5270042622e-01	1.2955341603e-01	8.5725286494e-02	3.5365861442e+02	-9.9506393004e+01	1.3135287995e-01	1.7907170550e-03	2.1235339924e-04	-2.9231500988e-01
6.4740704229e-03	1.0905703703e-01	1.2955349324e-01	8.8036944776e-02	3.5365835027e+02	-9.9506246585e+01	1.3135295417e-01	1.7907404627e-03	2.1235339964e-04	-2.9231542222e-01
6.4740550012e-03	7.9678084355e-02	1.2955360563e-01	8.8267267414e-02	3.5365801413e+02	-9.9506059628e+01	1.3135306145e-01	1.7907646052e-03	2.1235340012e-04	-2.9231574406e-01
6.4740526919e-03	5.9868101040e-02	1.2955376888e-01	8.7353264147e-02	3.5365757732e+02	-9.9505816049e+01	1.3135321809e-01	1.7907898104e-03	2.1235340072e-04	-2.9231596186e-01
6.4740695648e-03	4.6476542347e-02	1.2955400618e-01	8.5903080789e-02	3.5365700013e+02	-9.9505493859e+01	1.3135344853e-01	1.7908165980e-03	2.1235340152e-04	-2.9231605446e-01
6.4741145210e-03	3.7390390535e-02	1.2955435205e-01	8.4312407769e-02	3.5365622827e+02	-9.9505063411e+01	1.3135378934e-01	1.7908457798e-03	2.1235340263e-04	-2.9231598924e-01
6.4742006295e-03	3.1194575509e-02	1.2955485828e-01	8.2835110089e-02	3.5365518870e+02	-9.9504485434e+01	1.3135429531e-01	1.7908786125e-03	2.1235340421e-04	-2.9231571695e-01
6.4743471250e-03	2.6945134477e-02	1.2955560297e-01	8.1617593790e-02	3.5365378517e+02	-9.9503708861e+01	1.3135504854e-01	1.7909170315e-03	2.1235340654e-04	-2.9231516573e-01
6.4745824656e-03	2.4019714713e-02	1.2955670410e-01	8.0712513289e-02	3.5365189355e+02	-9.9502667634e+01	1.3135617203e-01	1.7909640187e-03	2.1235341003e-04	-2.9231423439e-01
6.4749492224e-03	2.2021189056e-02	1.2955833972e-01	8.0097811657e-02	3.5364935238e+02	-9.9501272242e+01	1.3135785026e-01	1.7910241872e-03	2.1235341535e-04	-2.9231277845e-01
6.4755121690e-03	2.0709641482e-02	1.2956077834e-01	7.9727382488e-02	3.5364593355e+02	-9.9499384284e+01	1.3136036027e-01	1.7911046658e-03	2.1235342347e-04	-2.9231056046e-01
6.4763706555e-03	1.9917205143e-02	1.2956442436e-01	7.9539272944e-02	3.5364128881e+02	-9.9496771149e+01	1.3136411851e-01	1.7912164451e-03	2.1235343585e-04	-2.9230714747e-01
6.4776742231e-03	1.9456332141e-02	1.2956988276e-01	7.9425094824e-02	3.5363494022e+02	-9.9493084659e+01	1.3136975050e-01	1.7913766516e-03	2.1235345482e-04	-2.9230183879e-01
6.4796429510e-03	1.9200352392e-02	1.2957806156e-01	7.9344730591e-02	3.5362624845e+02	-9.9487790983e+01	1.3137819689e-01	1.7916130532e-03	2.1235348425e-04	-2.9229229157e-01
6.4826107923e-03	1.8974611967e-02	1.2959031927e-01	7.9273109720e-02	3.5361436107e+02	-9.9480216567e+01	1.3139086696e-01	1.7919641315e-03	2.1235353012e-04	-2.9227855954e-01
6.4870738404e-03	1.8814502043e-02	1.2960870808e-01	7.9245906397e-02	3.5359746254e+02	-9.9468943913e+01	1.3140988693e-01	1.7924931788e-03	2.1235360280e-04	-2.9225660444e-01
6.4937755930e-03	1.8684084494e-02	1.2963633534e-01	7.9324632834e-02	3.5357230964e+02	-9.9451584120e+01	1.3143845255e-01	1.7932882645e-03	2.1235371821e-04	-2.9222272017e-01
6.5037570340e-03	1.8479296466e-02	1.2967782697e-01	7.9401350037e-02	3.5353603588e+02	-9.9425980497e+01	1.3148133268e-01	1.7944828173e-03	2.1235389679e-04	-2.9218381690e-01
6.5184858992e-03	1.8199022844e-02	1.2973997311e-01	7.9333929308e-02	3.5349186025e+02	-9.9392971260e+01	1.3154558740e-01	1.7962683082e-03	2.1235415854e-04	-2.9216782551e-01
6.5406722414e-03	1.8369530246e-02	1.2983340200e-01	7.9473971859e-02	3.5342577541e+02	-9.9342606005e+01	1.3164215274e-01	1.7989537123e-03	2.1235456893e-04	-2.9214090250e-01
6.5741785920e-03	1.8158236449e-02	1.2997358643e-01	7.9501800308e-02	3.5333123934e+02	-9.9269903861e+01	1.3178711315e-01	1.8029582885e-03	2.1235518913e-04	-2.9217174095e-01
6.5993388455e-03	1.8445926268e-02	1.3007896769e-01	7.9649642135e-02	3.5326574063e+02	-9.9215376805e+01	1.3189610527e-01	1.8059932668e-03	2.1235566464e-04	-2.9220471729e-01
6.6370892695e-03	1.8321217832e-02	1.3023698670e-01	7.9586169449e-02	3.5317027617e+02	-9.9136652924e+01	1.3205987604e-01	1.8105527827e-03	2.1235641898e-04	-2.9007465131e-01
6.6658224752e-03	1.8126178473e-02	1.3035557122e-01	7.9667131979e-02	3.5311504458e+02	-9.9084484422e+01	1.3218281723e-01	1.8139292975e-03	2.1235697619e-04	-2.8997856123e-01
6.7084659011e-03	1.7758515225e-02	1.3053366718e-01	7.9690718264e-02	3.5302772576e+02	-9.9004621706e+01	1.3236774558e-01	1.8189892894e-03	2.1235788113e-04	-2.8977739949e-01
6.7399964734e-03	1.7517616308e-02	1.3066760652e-01	7.9977674450e-02	3.5298256811e+02	-9.8953147656e+01	1.3250673799e-01	1.8229515267e-03	2.1235850931e-04	-2.8969323515e-01
6.7884002495e-03	1.7913848282e-02	1.3086920356e-01	8.0248898658e-02	3.5289344217e+02	-9.8869184350e+01	1.3271596658e-01	1.8289919247e-03	2.1235946014e-04	-2.8962697772e-01
6.8255201952e-03	1.8263111412e-02	1.3102105261e-01	8.0542585970e-02	3.5282476950e+02	-9.8801683520e+01	1.3287357280e-01	1.8336001855e-03	2.1236019278e-04	-2.8962283876e-01
6.8543876515e-03	1.8839328190e-02	1.3113536950e-01	8.0754724284e-02	3.5275933831e+02	-9.8742922648e+01	1.3299228861e-01	1.8370941772e-03	2.1236078172e-04	-2.8966166025e-01
6.8756087555e-03	1.8397407811e-02	1.3122125906e-01	8.0866496887e-02	3.5271191272e+02	-9.8698673225e+01	1.3308152274e-01	1.8397400169e-03	2.1236123429e-04	-2.8971891937e-01
6.9065788780e-03	1.7867264644e-02	1.3135013724e-01	8.0908240357e-02	3.5264941181e+02	-9.8636850944e+01	1.3321552915e-01	1.8437201613e-03	2.1236191271e-04	-2.8981354904e-01
6.9527071524e-03	1.7872153420e-02	1.3154372100e-01	8.1187565337e-02	3.5255342208e+02	-9.8550180310e+01	1.3341664345e-01	1.8496781539e-03	2.1236285042e-04	-2.8824072256e-01
6.9864607256e-03	1.7489369089e-02	1.3168922589e-01	8.1457870427e-02	3.5250198899e+02	-9.8493188066e+01	1.3356770794e-01	1.8541931270e-03	2.1236350594e-04	-2.8835898880e-01
7.0376233431e-03	1.7720012969e-02	1.3190797955e-01	8.1676537906e-02	3.5241196744e+02	-9.8404581085e+01	1.3379497651e-01	1.8609692382e-03	2.1236449148e-04	-2.8858543115e-01
7.1178544858e-03	1.8609486489e-02	1.3223813199e-01	8.2226274704e-02	3.5223899498e+02	-9.8255439122e+01	1.3413785870e-01	1.8711696727e-03	2.1236594205e-04	-2.8883190067e-01
7.1594803654e-03	1.9417614891e-02	1.3240468806e-01	8.3049793449e-02	3.5215067922e+02	-9.8173535307e+01	1.3431027344e-01	1.8762927328e-03	2.1236657892e-04	-2.8889987873e-01
7.2023318834e-03	1.9984826375e-02	1.3257198770e-01	8.3384073544e-02	3.5201298575e+02	-9.8070698496e+01	1.3448365129e-01	1.8814124208e-03	2.1236726148e-04	-2.8892990867e-01
7.2677303747e-03	2.0358729906e-02	1.3282456655e-01	8.3947193562e-02	3.5175709045e+02	-9.7895162231e+01	1.3474546243e-01	1.8892041643e-03	2.1236829597e-04	-2.8887392234e-01
7.3358013841e-03	2.1298578763e-02	1.3307876897e-01	8.4573626284e-02	3.5150729092e+02	-9.7718119242e+01	1.3500876228e-01	1.8971761183e-03	2.1236926646e-04	-2.8624391381e-01
7.4082425264e-03	2.2738334923e-02	1.3333480188e-01	8.5219582608e-02	3.5123219008e+02	-9.7527485851e+01	1.3527391020e-01	1.9053125857e-03	2.1237022827e-04	-2.8609971118e-01
7.4833100857e-03	2.3670527094e-02	1.3359160653e-01	8.5543664273e-02	3.5100734826e+02	-9.7361709038e+01	1.3554016108e-01	1.9135546939e-03	2.1237117997e-04	-2.8606967189e-01
7.5618868021e-03	2.4845844635e-02	1.3385015653e-01	8.6092076201e-02	3.5076285879e+02	-9.7184858287e+01	1.3580837635e-01	1.9219466357e-03	2.1237218563e-04	-2.8600361036e-01
7.6016923691e-03	2.5367618785e-02	1.3398015926e-01	8.6644227975e-02	3.5065399001e+02	-9.7098423477e+01	1.3594306583e-01	1.9262060833e-03	2.1237265115e-04	-2.8596998155e-01
7.6424940223e-03	2.6024098348e-02	1.3411067168e-01	8.6899018386e-02	3.5051371787e+02	-9.6999570601e+01	1.3607842458e-01	1.9304576159e-03	2.1237317317e-04	-2.8597112794e-01
7.7056640311e-03	2.6904250700e-02	1.3430760194e-01	8.7340011949e-02	3.5026006924e+02	-9.6833608753e+01	1.3628282891e-01	1.9368800115e-03	2.1237402335e-04	-2.8606674679e-01
7.7373586636e-03	2.6999770535e-02	1.3440626444e-01	8.7751830868e-02	3.5016001764e+02	-9.6761423855e+01	1.3638507080e-01	1.9401366734e-03	2.1237437572e-04	-2.8305192825e-01
7.7700173513e-03	2.7658086652e-02	1.3450527304e-01	8.8032022541e-02	3.5003916617e+02	-9.6680887049e+01	1.3648767792e-01	1.9433652169e-03	2.1237475041e-04	-2.8301054701e-01
7.8200016433e-03	2.8235638808e-02	1.3465464040e-01	8.8569789672e-02	3.4982191143e+02	-9.6546026751e+01	1.3664234333e-01	1.9481623736e-03	2.1237530992e-04	-2.8298321853e-01
7.8708559951e-03	2.8920374373e-02	1.3480489300e-01	8.9206045779e-02	3.4959535939e+02	-9.6405909496e+01	1.3679771032e-01	1.9529565879e-03	2.1237582550e-04	-2.8297473747e-01
7.9221624915e-03	2.9234161106e-02	1.3495618854e-01	8.9877702734e-02	3.4934431764e+02	-9.6253414410e+01	1.3695398690e-01	1.9577423710e-03	2.1237632886e-04	-2.8298607599e-01
7.9611110758e-03	2.9606627936e-02	1.3507045124e-01	9.0573722873e-02	3.4913736036e+02	-9.6129078502e+01	1.3707182033e-01	1.9613061521e-03	2.1237668458e-04	-2.8300403205e-01
8.0233566023e-03	3.1470806777e-02	1.3524450692e-01	9.1950437986e-02	3.4867213324e+02	-9.5875386996e+01	1.3725065471e-01	1.9663199216e-03	2.1237723076e-04	-2.8303184447e-01
8.0869928835e-03	3.2081642265e-02	1.3542052171e-01	9.3013912158e-02	3.4815849888e+02	-9.5595507060e+01	1.3743127486e-01	1.9714065964e-03	2.1237777533e-04	-2.8301159846e-01
8.1564159140e-03	3.4610350296e-02	1.3560169233e-01	9.5506591338e-02	3.4734236901e+02	-9.5173149683e+01	1.3761601903e-01	1.9759596638e-03	2.1237838032e-04	-2.8268937098e-01
8.1748149840e-03	3.6535728959e-02	1.3564776421e-01	9.7059757447e-02	3.4710704576e+02	-9.5047883776e+01	1.3766280690e-01	1.9770609082e-03	2.1237851827e-04	-2.8099245220e-01
8.1927186070e-03	3.5404196447e-02	1.3569351189e-01	9.6219194631e-02	3.4688868355e+02	-9.4936392319e+01	1.3770947436e-01	1.9782633324e-03	2.1237870507e-04	-2.8081295933e-01
8.2198745323e-03	3.5619744523e-02	1.3576211067e-01	9.5973723434e-02	3.4656642709e+02	-9.4775035542e+01	1.3777974103e-01	1.9802311317e-03	2.1237904258e-04	-2.8064462328e-01
8.2609389833e-03	3.5644273217e-02	1.3586571198e-01	9.6287026170e-02	3.4604704452e+02	-9.4520451935e+01	1.3788611963e-01	1.9834069178e-03	2.1237965994e-04	-2.8051313432e-01
8.2905206351e-03	3.4327077558e-02	1.3594347046e-01	9.6300355848e-02	3.4567900382e+02	-9.4338154532e+01	1.3796617088e-01	1.9859844618e-03	2.1238014565e-04	-2.8042981496e-01
8.3320791199e-03	3.2278731301e-02	1.3605923789e-01	9.5664525376e-02	3.4523388750e+02	-9.4110506869e+01	1.3808599246e-01	1.9902388927e-03	2.1238089526e-04	-2.7997504499e-01
8.3626972859e-03	3.1352134065e-02	1.3614542194e-01	9.4970255930e-02	3.4498043191e+02	-9.3972604557e+01	1.3817567136e-01	1.9936707968e-03	2.1238147570e-04	-2.7990078814e-01
8.4090827643e-03	3.1334572307e-02	1.3627449714e-01	9.4767168940e-02	3.4464719750e+02	-9.3786167349e+01	1.3831041072e-01	1.9990208174e-03	2.1238239460e-04	-2.7979357113e-01
8.4781875580e-03	3.0820107624e-02	1.3646836033e-01	9.4824557115e-02	3.4420331269e+02	-9.3531253923e+01	1.3851328573e-01	2.0073003442e-03	2.1238383616e-04	-2.7907479823e-01
8.5281616336e-03	2.9406826443e-02	1.3661422681e-01	9.4994114208e-02	3.4389417969e+02	-9.3346358286e+01	1.3866632267e-01	2.0137378190e-03	2.1238497335e-04	-2.7901721019e-01
8.5657994799e-03	2.9055006383e-02	1.3672421284e-01	9.5098891436e-02	3.4363261599e+02	-9.3193216813e+01	1.3878203945e-01	2.0187125600e-03	2.1238594696e-04	-2.7891305805e-01
8.6192657554e-03	2.7228239415e-02	1.3688946760e-01	9.5227278927e-02	3.4324884155e+02	-9.2975253853e+01	1.3895614915e-01	2.0262536589e-03	2.1238744633e-04	-2.7845930570e-01
8.6575989287e-03	2.6429562574e-02	1.3701326682e-01	9.5560214002e-02	3.4303203703e+02	-9.2845418553e+01	1.3908654066e-01	2.0318654532e-03	2.1238843397e-04	-2.7758342005e-01
8.7149818718e-03	2.6301880249e-02	1.3720016299e-01	9.6037580505e-02	3.4269749904e+02	-9.2644533024e+01	1.3928338194e-01	2.0403781799e-03	2.1239000303e-04	-2.7752691896e-01
8.7581094048e-03	2.6423628664e-02	1.3734150633e-01	9.6930018998e-02	3.4242279596e+02	-9.2480594226e+01	1.3943210803e-01	2.0467009229e-03	2.1239113655e-04	-2.7761022502e-01
8.8231361368e-03	2.6326626333e-02	1.3755592342e-01	9.7870401020e-02	3.4195142825e+02	-9.2206604516e+01	1.3965739453e-01	2.0562656438e-03	2.1239294922e-04	-2.7442482203e-01
8.8884882035e-03	2.7019374084e-02	1.3777116717e-01	9.8760446275e-02	3.4159735902e+02	-9.1983782779e+01	1.3988337448e-01	2.0657556487e-03	2.1239452079e-04	-2.7410282277e-01
8.9568981088e-03	2.8298767604e-02	1.3799011613e-01	1.0044827735e-01	3.4115959643e+02	-9.1716348995e+01	1.4011256915e-01	2.0750814964e-03	2.1239608905e-04	-2.7304673325e-01
9.0268423336e-03	2.8784118900e-02	1.3821303658e-01	1.0214074909e-01	3.4062719884e+02	-9.1396957526e+01	1.4034546334e-01	2.0843499518e-03	2.1239771467e-04	-2.7255136381e-01
9.0968679773e-03	2.8322601593e-02	1.3844005795e-01	1.0351336852e-01	3.3997868882e+02	-9.1015971150e+01	1.4058282870e-01	2.0939281564e-03	2.1239961330e-04	-2.7178106333e-01
9.1670189991e-03	2.8383378354e-02	1.3866943953e-01	1.0475129903e-01	3.3940841589e+02	-9.0668723989e+01	1.4082250441e-01	2.1037554959e-03	2.1240149036e-04	-2.7098635394e-01
9.2026361788e-03	2.9254101435e-02	1.3878415546e-01	1.0521437057e-01	3.3916389024e+02	-9.0513753975e+01	1.4094312688e-01	2.1086420403e-03	2.1240231998e-04	-2.7003566866e-01
9.2376247811e-03	2.8976245534e-02	1.3890008441e-01	1.0667396436e-01	3.3896092759e+02	-9.0387694961e+01	1.4106378513e-01	2.1135652806e-03	2.1240311786e-04	-2.6996435478e-01
9.2911883356e-03	2.9654184007e-02	1.3907747222e-01	1.0894358298e-01	3.3863757826e+02	-9.0188873205e+01	1.4124692392e-01	2.1210369616e-03	2.1240429409e-04	-2.6984240143e-01
9.3191046629e-03	3.0888575167e-02	1.3916661615e-01	1.0943874287e-01	3.3844672237e+02	-9.0071914044e+01	1.4133997398e-01	2.1248390099e-03	2.1240488196e-04	-2.6972519566e-01
9.3480606121e-03	3.1913920105e-02	1.3925847761e-01	1.1248490943e-01	3.3819812179e+02	-8.9927968516e+01	1.4143446649e-01	2.1286349939e-03	2.1240553048e-04	-2.6950873650e-01
9.3703121186e-03	3.2582332921e-02	1.3932834936e-01	1.1372557603e-01	3.3797309449e+02	-8.9800113030e+01	1.4150643914e-01	2.1315095049e-03	2.1240606192e-04	-2.6923560606e-01
9.3865226258e-03	3.1901481660e-02	1.3938086319e-01	1.1429717952e-01	3.3782340108e+02	-8.9716036506e+01	1.4156047702e-01	2.1336314663e-03	2.1240643660e-04	-2.6909411025e-01
9.4110609406e-03	3.2247838805e-02	1.3946077921e-01	1.1607800962e-01	3.3761174671e+02	-8.9597229657e+01	1.4164206152e-01	2.1368413502e-03	2.1240699599e-04	-2.6881253256e-01
9.4291965764e-03	3.1978869884e-02	1.3952064301e-01	1.1629637908e-01	3.3748227132e+02	-8.9522395273e+01	1.4170350684e-01	2.1392713417e-03	2.1240738327e-04	-2.6858626762e-01
9.4426177639e-03	3.1856050889e-02	1.3956566867e-01	1.1706684055e-01	3.3741018160e+02	-8.9479287403e+01	1.4174962515e-01	2.1410963092e-03	2.1240764492e-04	-2.6857726911e-01
9.4527538733e-03	3.2099199229e-02	1.3959975765e-01	1.1825047858e-01	3.3735931152e+02	-8.9447727620e+01	1.4178444551e-01	2.1424734503e-03	2.1240783899e-04	-2.6856063434e-01
9.4603026996e-03	3.1905678597e-02	1.3962550628e-01	1.1911151199e-01	3.3732229426e+02	-8.9424314475e+01	1.4181069623e-01	2.1435094222e-03	2.1240798525e-04	-2.6854474569e-01
9.4717728735e-03	3.2260733806e-02	1.3966464609e-01	1.2072982709e-01	3.3726486365e+02	-8.9388253728e+01	1.4185031761e-01	2.1450566647e-03	2.1240820436e-04	-2.6851332992e-01
9.4892618242e-03	3.2813521325e-02	1.3972427472e-01	1.2264531463e-01	3.3717059583e+02	-8.9330583993e+01	1.4191034606e-01	2.1473546821e-03	2.1240853111e-04	-2.6844770977e-01
9.4958764218e-03	3.3110683708e-02	1.3974646541e-01	1.2177064323e-01	3.3713469508e+02	-8.9308156859e+01	1.4193312782e-01	2.1482208726e-03	2.1240865114e-04	-2.6841706362e-01
9.5057405478e-03	3.2922000884e-02	1.3978079057e-01	1.2562717180e-01	3.3707828111e+02	-8.9273728186e+01	1.4196752730e-01	2.1495075596e-03	2.1240883068e-04	-2.6766138805e-01
9.5094145458e-03	3.2784764192e-02	1.3979350090e-01	1.2414364173e-01	3.3705903449e+02	-8.9261699474e+01	1.4198045781e-01	2.1499913241e-03	2.1240889593e-04	-2.6763251396e-01
9.5149567352e-03	3.2971135541e-02	1.3981295003e-01	1.2664021611e-01	3.3702936875e+02	-8.9243324837e+01	1.4199993208e-01	2.1507155535e-03	2.1240899478e-04	-2.6758724571e-01
9.5191359789e-03	3.3159138711e-02	1.3982756914e-01	1.2692782075e-01	3.3700688707e+02	-8.9229393726e+01	1.4201460429e-01	2.1512590771e-03	2.1240906884e-04	-2.6755348677e-01
9.5254776306e-03	3.3560322397e-02	1.3984973216e-01	1.2828024476e-01	3.3697158246e+02	-8.9207842342e+01	1.4203671948e-01	2.1520705980e-03	2.1240918020e-04	-2.6751054502e-01
9.5302239853e-03	3.3483942680e-02	1.3986643883e-01	1.2895800199e-01	3.3694466288e+02	-8.9191349972e+01	1.4205342960e-01	2.1526793193e-03	2.1240926310e-04	-2.6748634761e-01
9.5372196741e-03	3.3075738255e-02	1.3989211679e-01	1.3244148479e-01	3.3690693511e+02	-8.9167848080e+01	1.4207884283e-01	2.1535927655e-03	2.1240937831e-04	-2.6746696602e-01
9.5389685398e-03	3.3042879692e-02	1.3989813612e-01	1.2395125634e-01	3.3689867690e+02	-8.9162858442e+01	1.4208499893e-01	2.1538173014e-03	2.1240940839e-04	-2.6746478195e-01
9.5407189763e-03	3.3033898651e-02	1.3990434936e-01	1.2793452170e-01	3.3689029918e+02	-8.9157669201e+01	1.4209121530e-01	2.1540437603e-03	2.1240943889e-04	-2.6746208143e-01
9.5424702599e-03	3.3058266102e-02	1.3991066437e-01	1.3010511894e-01	3.3688178848e+02	-8.9152277798e+01	1.4209750838e-01	2.1542723842e-03	2.1240946901e-04	-2.6745888583e-01
9.5451008008e-03	3.3127781841e-02	1.3992032145e-01	1.3274540456e-01	3.3686858479e+02	-8.9143803721e+01	1.4210708139e-01	2.1546176332e-03	2.1240951333e-04	-2.6745334310e-01
9.5490550315e-03	3.3218754744e-02	1.3993484974e-01	1.3316022119e-01	3.3684861656e+02	-8.9131143920e+01	1.4212146106e-01	2.1551331331e-03	2.1240957951e-04	-2.6744598821e-01
9.5550088030e-03	3.3359108447e-02	1.3995688099e-01	1.3465161380e-01	3.3681774243e+02	-8.9111719721e+01	1.4214318854e-01	2.1559042343e-03	2.1240967804e-04	-2.6743471294e-01
9.5640544059e-03	3.3833966923e-02	1.3999071801e-01	1.3794803279e-01	3.3676787555e+02	-8.9080759599e+01	1.4217631202e-01	2.1570558014e-03	2.1240982302e-04	-2.6741488321e-01
9.5663333938e-03	3.4143503660e-02	1.3999868108e-01	1.2979944252e-01	3.3675647402e+02	-8.9073801485e+01	1.4218445621e-01	2.1573408254e-03	2.1240985953e-04	-2.6741165000e-01
9.5686261284e-03	3.4338102692e-02	1.4000702734e-01	1.3605881466e-01	3.3674463569e+02	-8.9066516549e+01	1.4219269032e-01	2.1576268017e-03	2.1240989639e-04	-2.6740755134e-01
9.5720737982e-03	3.4423086720e-02	1.4001973432e-01	1.3812929876e-01	3.3672618871e+02	-8.9055160083e+01	1.4220515216e-01	2.1580569061e-03	2.1240995130e-04	-2.6740067275e-01
9.5738043426e-03	3.4484789600e-02	1.4002613343e-01	1.3902174842e-01	3.3671679153e+02	-8.9049211025e+01	1.4221145840e-01	2.1582734242e-03	2.1240997924e-04	-2.6739593984e-01
9.5755360847e-03	3.4539475173e-02	1.4003259970e-01	1.4055559308e-01	3.3670723376e+02	-8.9043215551e+01	1.4221779302e-01	2.1584894828e-03	2.1241000685e-04	-2.6739131664e-01
9.5772691923e-03	3.4591818531e-02	1.4003909597e-01	1.4126067285e-01	3.3669755177e+02	-8.9037191118e+01	1.4222414786e-01	2.1587050310e-03	2.1241003417e-04	-2.6738681517e-01
9.5798732746e-03	3.4668485995e-02	1.4004890444e-01	1.4222555133e-01	3.3668268918e+02	-8.9028051217e+01	1.4223371299e-01	2.1590270741e-03	2.1241007482e-04	-2.6738016971e-01
9.5837913468e-03	3.4786117882e-02	1.4006374055e-01	1.4344409004e-01	3.3665963357e+02	-8.9014055034e+01	1.4224813941e-01	2.1595076751e-03	2.1241013537e-04	-2.6736996100e-01
9.5896988084e-03	3.4980127999e-02	1.4008628311e-01	1.4534156184e-01	3.3662313617e+02	-8.8992342578e+01	1.4226996295e-01	2.1602230318e-03	2.1241022531e-04	-2.6735375062e-01
9.5956963123e-03	3.5512785738e-02	1.4010919958e-01	1.4773453449e-01	3.3658446758e+02	-8.8969380631e+01	1.4229212835e-01	2.1609359357e-03	2.1241031521e-04	-2.6733436227e-01
9.5972135149e-03	3.5907425523e-02	1.4011457189e-01	1.3829856283e-01	3.3657531124e+02	-8.8964044732e+01	1.4229752375e-01	2.1611117367e-03	2.1241033867e-04	-2.6733036400e-01
9.5987327561e-03	3.5940064184e-02	1.4012018474e-01	1.4452636200e-01	3.3656590659e+02	-8.8958513179e+01	1.4230298821e-01	2.1612883537e-03	2.1241036220e-04	-2.6732582883e-01
9.5993024661e-03	3.5961701702e-02	1.4012232258e-01	1.4690942908e-01	3.3656230893e+02	-8.8956373351e+01	1.4230506720e-01	2.1613552112e-03	2.1241037084e-04	-2.6732391818e-01
9.6001581531e-03	3.5988712754e-02	1.4012555588e-01	1.4808884778e-01	3.3655685770e+02	-8.8953118486e+01	1.4230819453e-01	2.1614554771e-03	2.1241038390e-04	-2.6732096037e-01
9.6014433731e-03	3.6030198544e-02	1.4013041711e-01	1.4842065657e-01	3.3654859867e+02	-8.8948205907e+01	1.4231289202e-01	2.1616055688e-03	2.1241040353e-04	-2.6731653508e-01
9.6033745942e-03	3.6099731991e-02	1.4013773094e-01	1.4886784066e-01	3.3653605853e+02	-8.8940805727e+01	1.4231995408e-01	2.1618298274e-03	2.1241043300e-04	-2.6730996826e-01
9.6053070746e-03	3.6177127983e-02	1.4014515924e-01	1.5133769846e-01	3.3652322885e+02	-8.8933254070e+01	1.4232711029e-01	2.1620543498e-03	2.1241046173e-04	-2.6730321250e-01
9.6072423792e-03	3.6241715950e-02	1.4015259491e-01	1.5149118338e-01	3.3651026835e+02	-8.8925694516e+01	1.4233426926e-01	2.1622778219e-03	2.1241049044e-04	-2.6729664063e-01
9.6077262714e-03	3.6265061786e-02	1.4015445307e-01	1.5149513433e-01	3.3650701553e+02	-8.8923791654e+01	1.4233607342e-01	2.1623338635e-03	2.1241049753e-04	-2.6729490833e-01
9.6084520946e-03	3.6291686785e-02	1.4015728392e-01	1.5392743793e-01	3.3650208919e+02	-8.8920920787e+01	1.4233879006e-01	2.1624178204e-03	2.1241050806e-04	-2.6729236418e-01
9.6095419439e-03	3.6332891541e-02	1.4016155427e-01	1.5480749169e-01	3.3649460168e+02	-8.8916565805e+01	1.4234287952e-01	2.1625436083e-03	2.1241052381e-04	-2.6728849385e-01
9.6111795292e-03	3.6392950184e-02	1.4016799369e-01	1.5561718911e-01	3.3648317112e+02	-8.8909940802e+01	1.4234903600e-01	2.1627318253e-03	2.1241054745e-04	-2.6728257821e-01
9.6136433467e-03	3.6478255078e-02	1.4017767253e-01	1.5586501390e-01	3.3646569538e+02	-8.8899880650e+01	1.4235828204e-01	2.1630126306e-03	2.1241058337e-04	-2.6727350753e-01
9.6142608240e-03	3.6494425150e-02	1.4018006246e-01	1.5380224618e-01	3.3646129247e+02	-8.8897298710e+01	1.4236059774e-01	2.1630832566e-03	2.1241059253e-04	-2.6727094385e-01
9.6148787900e-03	3.6506409550e-02	1.4018247464e-01	1.5519211902e-01	3.3645686940e+02	-8.8894715828e+01	1.4236290757e-01	2.1631537145e-03	2.1241060180e-04	-2.6726839632e-01
9.6154975609e-03	3.6516014675e-02	1.4018485541e-01	1.5304556690e-01	3.3645248088e+02	-8.8892172706e+01	1.4236519244e-01	2.1632237306e-03	2.1241061128e-04	-2.6726594973e-01
9.6164261350e-03	3.6530729855e-02	1.4018840884e-01	1.5225745357e-01	3.3644591665e+02	-8.8888395828e+01	1.4236860643e-01	2.1633283601e-03	2.1241062559e-04	-2.6726243831e-01
9.6178185670e-03	3.6565143481e-02	1.4019378794e-01	1.5376561470e-01	3.3643601552e+02	-8.8882733585e+01	1.4237376633e-01	2.1634852205e-03	2.1241064671e-04	-2.6725730659e-01
9.6192103824e-03	3.6617955103e-02	1.4019930646e-01	1.5796288123e-01	3.3642590192e+02	-8.8876928868e+01	1.4237903694e-01	2.1636430197e-03	2.1241066707e-04	-2.6725187716e-01
9.6206037590e-03	3.6665547261e-02	1.4020485778e-01	1.5891607204e-01	3.3641568173e+02	-8.8871077288e+01	1.4238432972e-01	2.1638005734e-03	2.1241068738e-04	-2.6724638727e-01
9.6219987639e-03	3.6712454694e-02	1.4021043887e-01	1.5977965723e-01	3.3640534770e+02	-8.8865177776e+01	1.4238964418e-01	2.1639578962e-03	2.1241070765e-04	-2.6724082007e-01
9.6240948204e-03	3.6777877076e-02	1.4021887890e-01	1.6108815694e-01	3.3638958642e+02	-8.8856222590e+01	1.4239765345e-01	2.1641932010e-03	2.1241073803e-04	-2.6723239040e-01
9.6272467796e-03	3.6871751932e-02	1.4023166901e-01	1.6274384935e-01	3.3636539419e+02	-8.8842563205e+01	1.4240975301e-01	2.1645448131e-03	2.1241078357e-04	-2.6721947351e-01
9.6319931000e-03	3.7012557959e-02	1.4025116065e-01	1.6533980754e-01	3.3632785973e+02	-8.8821559069e+01	1.4242810415e-01	2.1650695975e-03	2.1241085197e-04	-2.6719925710e-01
9.6391512206e-03	3.7207829121e-02	1.4028113030e-01	1.6946893419e-01	3.3626909636e+02	-8.8788999819e+01	1.4245610677e-01	2.1658518017e-03	2.1241095494e-04	-2.6716712377e-01
9.6463888639e-03	3.7620627284e-02	1.4031172056e-01	1.7296310053e-01	3.3620810765e+02	-8.8755359683e+01	1.4248473979e-01	2.1666312775e-03	2.1241105868e-04	-2.6713201790e-01
9.6536890255e-03	3.7933949103e-02	1.4034324872e-01	1.7824200866e-01	3.3614478322e+02	-8.8720571337e+01	1.4251407841e-01	2.1674082185e-03	2.1241116358e-04	-2.6709367373e-01
9.6610326550e-03	3.8151921078e-02	1.4037582830e-01	1.8415878741e-01	3.3607908319e+02	-8.8684603027e+01	1.4254421155e-01	2.1681831134e-03	2.1241126992e-04	-2.6705169531e-01
9.6683055755e-03	3.7748647582e-02	1.4040959723e-01	1.9084476086e-01	3.3601120345e+02	-8.8647574503e+01	1.4257524266e-01	2.1689569337e-03	2.1241137839e-04	-2.6700619357e-01
9.6756311356e-03	3.8026305278e-02	1.4044473208e-01	1.9851454001e-01	3.3594090160e+02	-8.8609339596e+01	1.4260730546e-01	2.1697308816e-03	2.1241148961e-04	-2.6695623926e-01
9.6774807227e-03	3.8112996743e-02	1.4045300382e-01	1.8635112651e-01	3.3592311172e+02	-8.8599166403e+01	1.4261549752e-01	2.1699285689e-03	2.1241152021e-04	-2.6693982994e-01
9.6793215812e-03	3.8159185875e-02	1.4046187179e-01	2.0018038972e-01	3.3590531584e+02	-8.8589379486e+01	1.4262365569e-01	2.1701231846e-03	2.1241154961e-04	-2.6692561149e-01
9.6811606217e-03	3.8208397295e-02	1.4047079221e-01	2.0144116839e-01	3.3588749727e+02	-8.8579723422e+01	1.4263180565e-01	2.1703167932e-03	2.1241157880e-04	-2.6691203705e-01
9.6830021783e-03	3.8258628419e-02	1.4047971786e-01	2.0147239185e-01	3.3586960530e+02	-8.8570055488e+01	1.4263995309e-01	2.1705101730e-03	2.1241160855e-04	-2.6689825892e-01
9.6834587956e-03	3.8375569560e-02	1.4048293284e-01	2.9258495407e-01	3.3586450522e+02	-8.8566979866e+01	1.4264280005e-01	2.1705644347e-03	2.1241161388e-04	-2.6689263220e-01
9.6835727371e-03	3.8404490701e-02	1.4048374927e-01	2.9742518278e-01	3.3586322938e+02	-8.8566216983e+01	1.4264351955e-01	2.1705779710e-03	2.1241161515e-04	-2.6689125349e-01
9.6836870071e-03	3.8422251866e-02	1.4048449441e-01	2.7099138555e-01	3.3586200724e+02	-8.8565517403e+01	1.4264417086e-01	2.1705908637e-03	2.1241161658e-04	-2.6689008417e-01
9.6838014397e-03	3.8434313360e-02	1.4048519793e-01	2.5563205635e-01	3.3586080695e+02	-8.8564845351e+01	1.4264478952e-01	2.1706034746e-03	2.1241161808e-04	-2.6688901316e-01
9.6839160566e-03	3.8441859056e-02	1.4048586766e-01	2.4311452156e-01	3.3585962267e+02	-8.8564193013e+01	1.4264538115e-01	2.1706158734e-03	2.1241161965e-04	-2.6688801168e-01
9.6840885020e-03	3.8441543038e-02	1.4048678108e-01	2.2056561388e-01	3.3585788833e+02	-8.8563263893e+01	1.4264619486e-01	2.1706339464e-03	2.1241162220e-04	-2.6688668381e-01
9.6842614912e-03	3.8438822480e-02	1.4048766158e-01	2.1226780675e-01	3.3585615750e+02	-8.8562334279e+01	1.4264698433e-01	2.1706519431e-03	2.1241162489e-04	-2.6688533683e-01
9.6844346028e-03	3.8437096841e-02	1.4048853399e-01	2.1023908640e-01	3.3585442505e+02	-8.8561402101e+01	1.4264777088e-01	2.1706699499e-03	2.1241162761e-04	-2.6688397552e-01
9.6846943779e-03	3.8437364140e-02	1.4048984382e-01	2.1039901558e-01	3.3585181832e+02	-8.8559995389e+01	1.4264895420e-01	2.1706970191e-03	2.1241163172e-04	-2.6688190113e-01
9.6850842672e-03	3.8447667107e-02	1.4049187257e-01	2.1731742877e-01	3.3584785023e+02	-8.8557822869e+01	1.4265078106e-01	2.1707380984e-03	2.1241163784e-04	-2.6687856947e-01
9.6856692682e-03	3.8464965896e-02	1.4049492740e-01	2.1814923109e-01	3.3584187287e+02	-8.8554552920e+01	1.4265352969e-01	2.1707997137e-03	2.1241164705e-04	-2.6687355600e-01
9.6865475072e-03	3.8494782248e-02	1.4049953981e-01	2.1955948157e-01	3.3583284209e+02	-8.8549610962e+01	1.4265767456e-01	2.1708921733e-03	2.1241166094e-04	-2.6686591685e-01
9.6878664064e-03	3.8542608489e-02	1.4050652699e-01	2.2171175820e-01	3.3581915921e+02	-8.8542127701e+01	1.4266393942e-01	2.1710308542e-03	2.1241168191e-04	-2.6685422280e-01
9.6898512894e-03	3.8628188689e-02	1.4051722856e-01	2.2627968308e-01	3.3579821087e+02	-8.8530605569e+01	1.4267349019e-01	2.1712395234e-03	2.1241171405e-04	-2.6683545539e-01
9.6918406218e-03	3.8714656509e-02	1.4052812760e-01	2.3044725672e-01	3.3577691082e+02	-8.8518858969e+01	1.4268323248e-01	2.1714486159e-03	2.1241174641e-04	-2.6681574098e-01
9.6938335914e-03	3.8807709110e-02	1.4053931402e-01	2.3656809102e-01	3.3575522375e+02	-8.8506898584e+01	1.4269319521e-01	2.1716579634e-03	2.1241177877e-04	-2.6679517704e-01
9.6938398172e-03	3.8757264679e-02	1.4053942824e-01	3.4183902673e-01	3.3575552815e+02	-8.8507491715e+01	1.4269296631e-01	2.1716551624e-03	2.1241177773e-04	-2.6679788243e-01
9.6938496674e-03	3.8719127352e-02	1.4053965695e-01	6.3459176192e-01	3.3575574592e+02	-8.8507928104e+01	1.4269275853e-01	2.1716531767e-03	2.1241177735e-04	-2.6679980518e-01
9.6938590883e-03	3.8708309949e-02	1.4053967682e-01	1.0320846955e-01	3.3575558005e+02	-8.8507629073e+01	1.4269266552e-01	2.1716541399e-03	2.1241177898e-04	-2.6679841246e-01
9.6938599066e-03	3.8710287524e-02	1.4053967848e-01	1.0315152444e-01	3.3575554910e+02	-8.8507608318e+01	1.4269269497e-01	2.1716544180e-03	2.1241177894e-04	-2.6679836817e-01
9.6938601193e-03	3.8710326989e-02	1.4053967901e-01	1.0316788678e-01	3.3575554837e+02	-8.8507607778e+01	1.4269269433e-01	2.1716544283e-03	2.1241177895e-04	-2.6679836475e-01
9.6938602655e-03	3.8710226335e-02	1.4053967938e-01	1.0316640360e-01	3.3575554748e+02	-8.8507607560e+01	1.4269269403e-01	2.1716544367e-03	2.1241177895e-04	-2.6679836482e-01
9.6938603682e-03	3.8710212158e-02	1.4053967963e-01	1.0316635774e-01	3.3575554645e+02	-8.8507607125e+01	1.4269269441e-01	2.1716544466e-03	2.1241177895e-04	-2.6679836438e-01
9.6938604446e-03	3.8710217088e-02	1.4053967982e-01	1.0316697293e-01	3.3575554564e+02	-8.8507606709e+01	1.4269269478e-01	2.1716544546e-03	2.1241177896e-04	-2.6679836375e-01
9.6938605207e-03	3.8710234077e-02	1.4053968001e-01	1.0445303487e-01	3.3575554443e+02	-8.8507606133e+01	1.4269269517e-01	2.1716544608e-03	2.1241177896e-04	-2.6679836293e-01
9.6938605967e-03	3.8710262160e-02	1.4053968020e-01	1.0445416554e-01	3.3575554319e+02	-8.8507605516e+01	1.4269269559e-01	2.1716544674e-03	2.1241177896e-04	-2.6679836195e-01
9.6938606727e-03	3.8710289711e-02	1.4053968039e-01	1.0445531269e-01	3.3575554195e+02	-8.8507604894e+01	1.4269269602e-01	2.1716544740e-03	2.1241177896e-04	-2.6679836094e-01
9.6938607488e-03	3.8715380684e-02	1.4053968058e-01	1.0445747692e-01	3.3575554071e+02	-8.8507604270e+01	1.4269269645e-01	2.1716544806e-03	2.1241177896e-04	-2.6679835993e-01
9.6938608630e-03	3.8715421449e-02	1.4053968086e-01	1.0445918455e-01	3.3575553885e+02	-8.8507603336e+01	1.4269269709e-01	2.1716544905e-03	2.1241177896e-04	-2.6679835841e-01
9.6938610343e-03	3.8715482005e-02	1.4053968128e-01	1.0446169051e-01	3.3575553607e+02	-8.8507601941e+01	1.4269269804e-01	2.1716545053e-03	2.1241177896e-04	-2.6679835615e-01
9.6938612913e-03	3.8715569754e-02	1.4053968192e-01	1.0446534470e-01	3.3575553191e+02	-8.8507599858e+01	1.4269269944e-01	2.1716545273e-03	2.1241177897e-04	-2.6679835281e-01
9.6938616770e-03	3.8715697727e-02	1.4053968288e-01	1.0447065537e-01	3.3575552569e+02	-8.8507596750e+01	1.4269270153e-01	2.1716545602e-03	2.1241177897e-04	-2.6679834784e-01
9.6938622555e-03	3.8715883818e-02	1.4053968432e-01	1.0447837089e-01	3.3575551637e+02	-8.8507592111e+01	1.4269270464e-01	2.1716546094e-03	2.1241177898e-04	-2.6679834049e-01
9.6938631234e-03	3.8716154567e-02	1.4053968648e-01	1.0448959328e-01	3.3575550242e+02	-8.8507585188e+01	1.4269270924e-01	2.1716546829e-03	2.1241177899e-04	-2.6679832958e-01
9.6938644255e-03	3.8716548993e-02	1.4053968972e-01	1.0450595660e-01	3.3575548156e+02	-8.8507574854e+01	1.4269271609e-01	2.1716547928e-03	2.1241177900e-04	-2.6679831341e-01
9.6938663789e-03	3.8717124046e-02	1.4053969458e-01	1.0452989281e-01	3.3575545034e+02	-8.8507559425e+01	1.4269272629e-01	2.1716549572e-03	2.1241177903e-04	-2.6679828938e-01
9.6938693094e-03	3.8717963073e-02	1.4053970188e-01	1.0456503534e-01	3.3575540365e+02	-8.8507536389e+01	1.4269274147e-01	2.1716552034e-03	2.1241177906e-04	-2.6679825367e-01
9.6938737057e-03	3.8719186760e-02	1.4053971284e-01	1.0461682505e-01	3.3575533387e+02	-8.8507502001e+01	1.4269276412e-01	2.1716555726e-03	2.1241177912e-04	-2.6679820057e-01
9.6938803013e-03	3.8720968008e-02	1.4053972930e-01	1.0469339542e-01	3.3575522967e+02	-8.8507450689e+01	1.4269279791e-01	2.1716561270e-03	2.1241177920e-04	-2.6679812154e-01
9.6938901965e-03	3.8723550029e-02	1.4053975401e-01	1.0480675204e-01	3.3575507431e+02	-8.8507374192e+01	1.4269284838e-01	2.1716569609e-03	2.1241177932e-04	-2.6679800390e-01
9.6939050433e-03	3.8727265669e-02	1.4053979115e-01	1.0497383945e-01	3.3575484312e+02	-8.8507260302e+01	1.4269292383e-01	2.1716582181e-03	2.1241177951e-04	-2.6679782885e-01
9.6939273210e-03	3.8732552536e-02	1.4053984701e-01	1.0521548797e-01	3.3575450010e+02	-8.8507091069e+01	1.4269303667e-01	2.1716601189e-03	2.1241177980e-04	-2.6679756849e-01
9.6939607524e-03	3.8739953437e-02	1.4053993108e-01	1.0554817895e-01	3.3575399292e+02	-8.8506840239e+01	1.4269320553e-01	2.1716630025e-03	2.1241178023e-04	-2.6679718170e-01
9.6940109283e-03	3.8750087082e-02	1.4054005773e-01	1.0597171260e-01	3.3575324623e+02	-8.8506469576e+01	1.4269345835e-01	2.1716673938e-03	2.1241178089e-04	-2.6679660785e-01
9.6940862454e-03	3.8763581730e-02	1.4054025372e-01	1.0928557030e-01	3.3575215192e+02	-8.8505923577e+01	1.4269383708e-01	2.1716741065e-03	2.1241178190e-04	-2.6679575781e-01
9.6941993114e-03	3.8780987817e-02	1.4054065614e-01	1.4944162788e-01	3.3575055498e+02	-8.8505121679e+01	1.4269440488e-01	2.1716843493e-03	2.1241178345e-04	-2.6679450084e-01
9.6943690651e-03	3.8802710105e-02	1.4054148731e-01	2.0562973137e-01	3.3574823188e+02	-8.8503946164e+01	1.4269525665e-01	2.1716999675e-03	2.1241178583e-04	-2.6679264309e-01
9.6946239543e-03	3.8829065312e-02	1.4054286521e-01	2.2719989786e-01	3.3574485695e+02	-8.8502224196e+01	1.4269653472e-01	2.1717238742e-03	2.1241178948e-04	-2.6678989733e-01
9.6950067380e-03	3.8861383832e-02	1.4054501542e-01	2.3632142295e-01	3.3573994364e+02	-8.8499692863e+01	1.4269845860e-01	2.1717604875e-03	2.1241179508e-04	-2.6678581015e-01
9.6955815822e-03	3.8901443864e-02	1.4054827966e-01	2.3914740002e-01	3.3573276561e+02	-8.8495964461e+01	1.4270135519e-01	2.1718164044e-03	2.1241180366e-04	-2.6677972473e-01
9.6964450314e-03	3.8953324860e-02	1.4055321406e-01	2.4097583509e-01	3.3572221332e+02	-8.8490444149e+01	1.4270572385e-01	2.1719015347e-03	2.1241181675e-04	-2.6677060172e-01
9.6977423448e-03	3.9023816004e-02	1.4056069520e-01	2.4353717344e-01	3.3570657895e+02	-8.8482220822e+01	1.4271233105e-01	2.1720306925e-03	2.1241183672e-04	-2.6675680548e-01
